  446.77349853515625     651.8428344726562
  221.33522033691406     71.96527099609375
   441.4252014160156     614.6401977539062
  328.48358154296875       553.82177734375
     357.39599609375     490.6599426269531
  301.54351806640625     545.9171142578125
   206.3963623046875     267.8746032714844
  242.27638244628906      76.6957778930664
  463.40240478515625     678.0577392578125
   484.9242248535156     433.8772888183594
  205.40028381347656      268.483154296875
   352.4797668457031       507.05224609375
   210.3868408203125     263.9638366699219
   441.4595031738281      614.608642578125
  363.90081787109375    465.63531494140625
   449.7480773925781        598.6572265625
  485.94158935546875     416.8450927734375
  459.82611083984375      230.653564453125
   461.3760070800781     615.8348999023438
   362.7640380859375    467.64398193359375
   368.0874938964844     598.2559814453125
      447.8544921875     639.9784545898438
   83.15729522705078     271.6645812988281
  281.13970947265625      251.011474609375
  152.20352172851562     284.8474426269531
   368.4932861328125     597.6871337890625
   198.1880340576172    235.29318237304688
   486.1959228515625       660.02197265625
        368.99609375     538.2188110351562
   546.1488647460938     691.7693481445312
                  81                   123
                 594                   409
                 848                   504
                 167                   212
                 983                   300
                 146                   581
                  57                   482
                 242                   494
                 213                    56
                 944                   639
