  146.87660217285156    158.29791259765625
   615.3738403320312     279.4954528808594
  130.47540283203125    158.40396118164062
  122.91972351074219    150.80435180664062
     533.47216796875       206.91552734375
   439.2777404785156    225.03883361816406
  422.72747802734375    151.22354125976562
   173.4158935546875    239.43182373046875
   511.6953430175781     209.8360595703125
  431.41778564453125     152.0666961669922
  138.59434509277344    151.44876098632812
  151.55860900878906    171.03868103027344
   153.7153778076172    135.75161743164062
  148.79396057128906    238.96791076660156
  15.713008880615234    182.50730895996094
  150.19422912597656    171.17591857910156
  108.62760162353516       234.52099609375
  187.89407348632812    212.69638061523438
   361.5650634765625      143.402587890625
   379.7192687988281    219.94654846191406
   425.5216369628906            151.671875
  229.41229248046875    170.55555725097656
      329.8623046875    193.67098999023438
   549.6136474609375     446.4109191894531
  125.47621154785156     171.2767791748047
   614.7612915039062    148.25979614257812
   332.0594787597656    179.88082885742188
  451.63348388671875    225.55397033691406
  170.30357360839844     269.5210876464844
  150.30824279785156     170.8316192626953
                  95                   303
                 309                   433
                  36                   176
                 419                   192
                 623                   451
                 575                   224
                 157                   176
                  73                   536
                 398                    75
                 229                   145
