   182.1729736328125    157.33294677734375
   641.9776611328125     278.7483215332031
  165.73170471191406    157.47390747070312
    158.035400390625    149.87417602539062
    565.960205078125    205.86192321777344
   471.1658630371094    223.97366333007812
    458.658935546875         150.126953125
   202.5574951171875    238.45220947265625
    543.885009765625    208.77845764160156
  467.69476318359375    151.01651000976562
  173.97950744628906     150.4858856201172
   186.5790252685547    170.07728576660156
   190.0028533935547     134.7876434326172
    173.751220703125    238.24476623535156
   50.04677200317383    181.48463439941406
  185.25521850585938    170.23931884765625
  134.02291870117188    233.89022827148438
   219.4754638671875       211.74951171875
   397.1820373535156    142.28599548339844
    410.489990234375    219.07012939453125
  461.52850341796875     150.7172393798828
  265.46258544921875     169.6029815673828
   361.5359191894531    192.58570861816406
   566.3045043945312     445.1558837890625
  161.04110717773438    170.40000915527344
   648.4182739257812    147.44735717773438
   365.2187805175781    179.05670166015625
   482.4873352050781    224.38009643554688
  199.15512084960938     268.4593811035156
   185.6112823486328    169.97482299804688
                 118                   302
                 318                   433
                  70                   175
                 451                   191
                 639                   450
                 605                   223
                 192                   175
                  72                   536
                 418                    74
                 265                   144
