   203.1324462890625        208.3662109375
   342.0154113769531    126.31309509277344
      344.9619140625    229.60464477539062
       163.748046875     158.4467315673828
  126.80448150634766      290.009033203125
     359.63427734375    149.90115356445312
   200.7932891845703     142.8308563232422
    345.244384765625    147.99166870117188
  359.93255615234375      148.868896484375
  232.08538818359375     150.0618133544922
  345.23126220703125    148.64146423339844
  331.51995849609375    134.93814086914062
   373.2529602050781    207.43064880371094
   258.8660888671875     298.2760314941406
  275.27215576171875     99.59855651855469
  373.74346923828125     38.34038162231445
  236.73976135253906    293.21966552734375
   374.5904541015625    196.53640747070312
   282.5869445800781    142.12632751464844
     351.43017578125     214.3888702392578
   355.8240661621094    222.27651977539062
  127.73322296142578     290.0896301269531
  282.88934326171875    151.28204345703125
   232.5387725830078     151.0086669921875
  122.67188262939453    311.21649169921875
   185.6033172607422    148.80484008789062
     267.20458984375    168.63137817382812
  239.89707946777344    172.92593383789062
   256.5061950683594    173.24563598632812
  117.43037414550781    243.55763244628906
                 100                    49
                  58                   253
                 159                   162
                 135                    27
                 255                    78
                 236                   293
                 351                   112
                 383                    12
                 215                   196
                 383                   211
