  213.85748291015625    209.25424194335938
    376.695556640625    126.21638488769531
   338.8937683105469     230.1988525390625
  172.23631286621094     160.3726043701172
  119.23863220214844    289.17425537109375
    394.573486328125    149.74278259277344
  206.53004455566406    145.03237915039062
   379.9261474609375    147.84512329101562
    394.590087890625    148.64886474609375
   240.7095489501953      151.922119140625
   380.2635803222656    148.42471313476562
   366.1705017089844    134.70693969726562
  408.22540283203125    207.34080505371094
  276.58587646484375     298.5209655761719
  309.54339599609375     99.41008758544922
     408.74365234375     37.95673370361328
   253.6424560546875     293.5077819824219
  409.62298583984375    196.30271911621094
  316.83770751953125     141.9171600341797
   385.9764099121094    214.16390991210938
     390.33056640625    222.07386779785156
   120.7315902709961       289.73388671875
   317.1978759765625    150.90679931640625
   240.1505584716797      152.143310546875
  115.93095397949219     310.3681945800781
  239.83990478515625    148.89768981933594
   301.4792785644531     168.2353057861328
   251.2655029296875    174.86859130859375
   290.6007080078125    172.86251831054688
  115.97491455078125    243.21080017089844
                 135                    50
                  52                   253
                 165                   164
                 170                    28
                 289                    78
                 253                   293
                 386                   112
                 418                    11
                 223                   197
                 418                   211
