   288.8427429199219     503.6927795410156
   358.0284729003906    297.82159423828125
   369.5340576171875     509.2105407714844
    346.928466796875    228.78164672851562
   341.6222229003906     169.5773468017578
   483.4111022949219    339.66998291015625
   284.9955139160156     422.9449462890625
  281.21575927734375     347.0951232910156
  278.45880126953125    159.09097290039062
   375.1361999511719     516.2756958007812
   400.8083190917969     536.9309692382812
   287.4540100097656     354.1853942871094
    281.335205078125     218.6573028564453
   278.2112121582031     277.6966857910156
   427.4534912109375     318.4685974121094
   373.6322937011719    115.27457427978516
   357.5143737792969    358.83160400390625
   272.1727294921875     153.7311248779297
   275.2125244140625     212.7145233154297
   369.3324890136719     438.6112060546875
   294.8538513183594     510.8104248046875
   352.0130615234375     291.6863098144531
   291.0249938964844        429.9794921875
  284.39337158203125    283.86187744140625
  363.38739013671875     431.9772644042969
   291.2254638671875     357.1983337402344
   320.3234558105469     532.0219116210938
    445.468994140625       521.77587890625
   442.5087585449219      677.109619140625
  454.24774169921875     201.1423797607422
                  22                   152
                 109                   149
                  87                   340
                 438                   498
                 259                   504
                 448                   679
                 355                   619
                 479                   145
                 259                   153
                 196                   358
