    338.394287109375     536.5655517578125
  404.84930419921875     298.0682067871094
   435.8367614746094     544.0462036132812
   387.2414855957031    222.62254333496094
   377.1351013183594    159.55784606933594
   546.9281005859375     352.8664855957031
   328.9150085449219     439.0021057128906
   319.2474060058594     351.7469177246094
   305.2675476074219     145.1516571044922
  443.25067138671875     553.0608520507812
   472.7039489746094      578.674072265625
   326.5841979980469     358.0740966796875
   311.3137512207031     207.4561767578125
   312.1557922363281     272.2467346191406
   484.9613952636719     325.1667175292969
   407.0011901855469      110.800537109375
   409.5398254394531      367.600341796875
  298.24212646484375          138.33203125
   305.0325622558594     201.1726837158203
   428.5049133300781     458.7311096191406
   345.0228271484375      544.218505859375
    398.244873046875     291.6878356933594
   335.2313232421875     446.2479553222656
   318.4441833496094      278.370361328125
   422.3139343261719    452.85125732421875
   330.3782653808594    362.52081298828125
  376.71478271484375      570.889892578125
    523.403564453125     558.9539184570312
   531.4483032226562     752.9879760742188
  500.66729736328125    206.18325805664062
                  10                   163
                 108                   139
                  83                   349
                 515                   530
                 301                   537
                 539                   756
                 468                   657
                 521                   149
                 282                   138
                 217                   363
