    972.779541015625    1164.0096435546875
   245.4059600830078     799.0167846679688
  1067.2093505859375       1175.4287109375
      525.3896484375    1110.5977783203125
   231.3983917236328     808.6324462890625
   514.7887573242188     980.5361938476562
    522.099365234375     970.2593383789062
   832.3460693359375    323.59613037109375
   707.5338745117188     310.1217346191406
  425.30816650390625     463.0024719238281
   472.6583557128906     926.5834350585938
  146.44082641601562     1083.651611328125
   681.4917602539062    287.78851318359375
   683.1785888671875    287.27728271484375
   563.9569091796875     520.1885375976562
   554.6016235351562    508.54888916015625
   498.9615173339844     476.3565979003906
  1070.2386474609375    1149.8756103515625
    554.933349609375     508.8581237792969
   601.3599243164062    441.88775634765625
     675.13818359375    170.09783935546875
   562.8925170898438     524.8714599609375
   917.3442993164062     262.4422912597656
   528.4940185546875     952.6932373046875
   1117.142822265625    1164.1607666015625
  1059.0367431640625      878.600341796875
   491.9740905761719     937.0311279296875
     1127.9599609375     899.1680297851562
   1104.579345703125    1162.7811279296875
   870.2674560546875     918.4155883789062
                  96                   236
                 366                    36
                 314                   554
                 105                  1087
                 531                  1118
                 978                   798
                1180                  1028
                1192                   482
                 818                   129
                1118                   240
