   198.1880340576172    235.29318237304688
      447.8544921875     639.9784545898438
  19.956520080566406    395.08258056640625
  328.48358154296875       553.82177734375
   151.8464813232422     269.5460510253906
   352.4797668457031       507.05224609375
   546.1488647460938     691.7693481445312
     357.39599609375     490.6599426269531
   933.6248168945312     694.6591186523438
       626.658203125     751.5379028320312
   441.4595031738281      614.608642578125
    968.009521484375     647.4627075195312
  369.07720947265625     538.5018920898438
        368.99609375     538.2188110351562
   441.4252014160156     614.6401977539062
  161.32435607910156     432.1534729003906
  463.40240478515625     678.0577392578125
   368.4932861328125     597.6871337890625
   923.3072509765625     666.4390869140625
   486.1959228515625       660.02197265625
  484.91217041015625    233.06341552734375
   461.0864562988281     615.9927978515625
  205.40028381347656      268.483154296875
      924.8193359375         630.662109375
  459.82611083984375      230.653564453125
  221.33522033691406     71.96527099609375
   924.7362060546875       668.38134765625
   924.2184448242188     630.4559326171875
  497.26287841796875    134.50563049316406
  301.54351806640625     545.9171142578125
  38.375953674316406     393.8433837890625
   449.7480773925781        598.6572265625
   21.12809944152832    128.42901611328125
  281.13970947265625      251.011474609375
   521.7674560546875     642.9087524414062
    924.262451171875     669.1631469726562
   706.1594848632812     80.99337768554688
   206.3963623046875     267.8746032714844
   83.15729522705078     271.6645812988281
   523.6744995117188     691.0639038085938
   483.3886413574219     272.3116760253906
  152.20352172851562     284.8474426269531
  363.90081787109375    465.63531494140625
  485.94158935546875     416.8450927734375
   368.0874938964844     598.2559814453125
  146.45269775390625     277.5054931640625
   162.0832061767578    444.46661376953125
   694.9434814453125       305.53955078125
   946.6753540039062     649.0979614257812
  242.27638244628906      76.6957778930664
   496.9356689453125     133.6327667236328
     693.45458984375     561.8602905273438
   932.3065795898438     489.7490539550781
    129.542236328125    292.37738037109375
      924.9267578125     672.3753051757812
  14.491167068481445    136.74688720703125
   461.3760070800781     615.8348999023438
   829.2011108398438     537.4750366210938
  472.26202392578125    509.70562744140625
   251.4774932861328     494.0474548339844
   486.7889709472656     651.3283081054688
  234.86593627929688     263.9662170410156
   965.8325805664062     687.0296630859375
   452.9711608886719    221.31295776367188
  370.78326416015625     533.4594116210938
  15.824882507324219    119.57991790771484
   949.8003540039062     649.0811157226562
  446.77349853515625     651.8428344726562
   951.0020751953125     648.9235229492188
   210.3868408203125     263.9638366699219
    703.700927734375     85.07041931152344
   964.1365966796875     687.1459350585938
  447.01544189453125     652.3502807617188
   962.4164428710938      539.436767578125
  362.02313232421875    214.98023986816406
   362.7640380859375    467.64398193359375
   688.8887329101562     725.0145263671875
   837.9696044921875       520.41748046875
   926.7828369140625     676.8329467773438
  362.66607666015625    214.14865112304688
  453.11016845703125     218.9083251953125
   484.9242248535156     433.8772888183594
  138.28350830078125     305.9464416503906
    974.667724609375     660.8894653320312
    687.031982421875     724.1129760742188
   676.3948364257812        326.3916015625
  433.75958251953125      571.276123046875
   477.9609069824219    251.18560791015625
   960.5494995117188      687.727294921875
   837.2952880859375     521.1409912109375
   930.5136108398438      513.383056640625
   283.2397155761719       369.23681640625
    960.790283203125     687.5350341796875
   330.5577087402344     515.3587646484375
  235.68728637695312    265.00640869140625
   461.2354431152344     223.4093017578125
   659.6790161132812     475.2608947753906
  132.99514770507812     347.6724548339844
  322.27569580078125     352.4678955078125
  138.15528869628906    308.47613525390625
