  130.47540283203125    158.40396118164062
  146.87660217285156    158.29791259765625
  108.62760162353516       234.52099609375
  422.72747802734375    151.22354125976562
   425.5216369628906            151.671875
   467.8023986816406    209.22694396972656
   399.0166320800781     149.8318328857422
     533.47216796875       206.91552734375
   397.9079895019531    149.95529174804688
  150.77389526367188               269.625
   533.1336669921875    208.27999877929688
  123.29467010498047    231.78126525878906
  170.30357360839844     269.5210876464844
  15.713008880615234    182.50730895996094
   361.5650634765625      143.402587890625
  125.47621154785156     171.2767791748047
  431.41778564453125     152.0666961669922
   354.6142272949219    143.54379272460938
  126.98126220703125    171.49005126953125
  187.89407348632812    212.69638061523438
     616.30517578125     282.2305603027344
  150.19422912597656    171.17591857910156
  184.39927673339844    233.46372985839844
  151.55860900878906    171.03868103027344
  150.30824279785156     170.8316192626953
   332.0594787597656    179.88082885742188
   472.6698303222656        237.1435546875
   615.3738403320312     279.4954528808594
  122.91972351074219    150.80435180664062
      329.8623046875    193.67098999023438
   379.7192687988281    219.94654846191406
     508.50927734375     208.9272918701172
   525.8804931640625    139.10240173339844
   173.4158935546875    239.43182373046875
   622.2822875976562    215.35211181640625
   644.0562744140625       141.56884765625
   111.0012435913086    223.78599548339844
   383.4375915527344     147.7396697998047
   509.8707580566406    230.72409057617188
   199.9071044921875    145.90274047851562
   451.4240417480469     253.9539794921875
     519.67822265625     35.54102325439453
   459.9947509765625    208.95188903808594
  148.79396057128906    238.96791076660156
   395.0606384277344      422.494384765625
   470.4542236328125    237.55130004882812
   549.6136474609375     446.4109191894531
   594.7761840820312     276.0153503417969
  451.43133544921875     225.3602294921875
   148.9454803466797    239.51223754882812
    393.637451171875     507.0730285644531
   657.0396118164062    50.079219818115234
   65.33480834960938     256.5506591796875
  200.48724365234375     146.2103271484375
    197.210693359375     68.48108673095703
    66.3739242553711     255.8201141357422
   491.8184509277344    40.465572357177734
  451.63348388671875    225.55397033691406
   133.8839569091797     161.3859405517578
   240.5159912109375     457.4105529785156
  138.59434509277344    151.44876098632812
  171.96817016601562     239.6864471435547
   495.7037048339844     33.65835952758789
   621.8084106445312     214.5677032470703
      656.7861328125     49.87220001220703
   49.54665756225586    142.13905334472656
   425.6091613769531    495.80645751953125
   634.0382080078125    186.87054443359375
  476.11468505859375     272.2198181152344
   439.2777404785156    225.03883361816406
  161.28079223632812     263.9434814453125
   532.8403930664062    241.24334716796875
  147.92556762695312    243.49925231933594
    170.950927734375    239.17393493652344
   614.7612915039062    148.25979614257812
   75.75900268554688         493.982421875
  113.83901977539062    223.79788208007812
   427.4623107910156     41.13563919067383
   450.6858215332031    202.60922241210938
  452.72674560546875    252.09645080566406
   420.3406677246094     226.6437530517578
   537.5824584960938             171.84375
   631.2745361328125    224.45594787597656
   511.6953430175781     209.8360595703125
    473.737060546875    266.82147216796875
   439.9424133300781     504.2728271484375
   526.1076049804688    165.31027221679688
  187.98916625976562    308.86419677734375
  229.41229248046875    170.55555725097656
   641.9071655273438    115.36891174316406
   479.7287292480469     335.8577575683594
   536.6138305664062     242.5218505859375
  409.13409423828125     521.8627319335938
  178.17588806152344    249.28221130371094
    79.5819091796875    192.62884521484375
   153.7153778076172    135.75161743164062
   42.56989669799805     150.0010223388672
  155.92417907714844    238.86587524414062
   199.2432861328125    254.14511108398438
   385.7416076660156     209.2164306640625
