   601.3599243164062    441.88775634765625
  1225.6236572265625    1067.6873779296875
     1225.4775390625     1067.800048828125
     129.04443359375    1068.0533447265625
  128.72772216796875      1064.58642578125
  1193.8372802734375       982.40869140625
  1193.9649658203125     982.6288452148438
   528.4940185546875     952.6932373046875
   554.6016235351562    508.54888916015625
    554.933349609375     508.8581237792969
   92.06256103515625       926.33837890625
   454.7517395019531     928.5958862304688
   73.80736541748047     918.1011352539062
   840.2562255859375     317.8265075683594
   475.6191101074219     926.5933837890625
       1069.04296875    1094.4739990234375
   498.9615173339844     476.3565979003906
   905.5388793945312     861.8275756835938
  1062.4427490234375    1096.8082275390625
   845.3433837890625     312.9749755859375
   765.7757568359375     997.1832275390625
   472.6583557128906     926.5834350585938
    720.818603515625     220.4956817626953
   1067.968505859375    1102.5472412109375
    972.779541015625    1164.0096435546875
   986.4866333007812     498.0345764160156
  1070.2386474609375    1149.8756103515625
   1104.579345703125    1162.7811279296875
    808.101318359375    1141.0970458984375
   744.1809692382812     946.9585571289062
  1314.7193603515625    1117.5435791015625
  117.80757141113281        929.8017578125
     1091.6162109375    1147.6636962890625
   814.0630493164062     1145.275634765625
   230.3137969970703     809.2335815429688
   245.4059600830078     799.0167846679688
      525.3896484375    1110.5977783203125
   513.7711791992188     980.7804565429688
     1127.9599609375     899.1680297851562
   514.7887573242188     980.5361938476562
    750.339111328125       932.81201171875
    1080.79736328125    1105.8204345703125
   231.3983917236328     808.6324462890625
     675.13818359375    170.09783935546875
   917.3442993164062     262.4422912597656
   707.5338745117188     310.1217346191406
   516.2989501953125     980.8041381835938
   916.4107055664062        1097.611328125
   929.5748901367188         1142.94921875
   703.8468627929688     402.0252380371094
   981.9835205078125    1182.5758056640625
   1081.520751953125      1104.55224609375
   455.6492004394531     979.5418090820312
  425.30816650390625     463.0024719238281
   683.1785888671875    287.27728271484375
  1078.7071533203125    1089.0992431640625
  146.44082641601562     1083.651611328125
  1099.9703369140625    1140.8365478515625
   851.7532348632812    323.10882568359375
   801.1051635742188     1107.799072265625
  1059.0367431640625      878.600341796875
   1151.615478515625     962.5321044921875
   725.7415771484375     394.2804870605469
  145.42276000976562    1081.9031982421875
   750.1320190429688       934.13134765625
   812.2402954101562         1144.38671875
   659.6250610351562    201.00721740722656
  1136.6854248046875    1150.8956298828125
  1184.7088623046875    1028.5894775390625
   681.4917602539062    287.78851318359375
     1097.8935546875    1142.7906494140625
   1117.142822265625    1164.1607666015625
  1142.2545166015625    1101.1463623046875
  1094.8221435546875       1105.5009765625
     960.58935546875     440.1985778808594
      527.2646484375    1124.1304931640625
  1093.7689208984375     328.1145324707031
    1094.48681640625     324.0106201171875
   1181.389892578125    1092.8817138671875
   563.9569091796875     520.1885375976562
       1151.62109375    1247.5338134765625
     1181.9951171875    1086.8555908203125
  1079.8941650390625    1187.9720458984375
   725.7184448242188    417.78387451171875
  136.31398010253906          1005.1015625
   799.6766967773438    1109.8697509765625
  1008.0855712890625       656.40283203125
   546.2739868164062    1132.0413818359375
    522.099365234375     970.2593383789062
   870.2674560546875     918.4155883789062
   491.9740905761719     937.0311279296875
   869.1237182617188     898.8309326171875
   832.3460693359375    323.59613037109375
   870.1298217773438     901.5469970703125
   562.8925170898438     524.8714599609375
   872.4898681640625     889.4395751953125
   870.2687377929688       918.51513671875
  1067.2093505859375       1175.4287109375
  135.14613342285156     1006.745849609375
        1073.0390625     1181.114013671875
