  458.49127197265625     653.9044799804688
      258.2119140625     79.16002655029297
  453.69012451171875     616.5686645507812
   346.3217468261719     554.3724975585938
  376.63873291015625    492.13739013671875
   321.4178161621094     546.0470581054688
   235.8754119873047     270.8708801269531
   277.5291442871094     83.23008728027344
   472.9433898925781      680.330322265625
  495.63909912109375     435.9058837890625
  235.08424377441406     271.4222106933594
    372.638427734375     508.1151123046875
  240.66685485839844     267.1069030761719
   453.4038391113281     616.2962646484375
   381.4986877441406      467.370361328125
   463.1678161621094     600.4470825195312
   496.8938293457031     418.9664306640625
   478.6915588378906    233.00677490234375
   473.2864685058594     617.6947631835938
  380.75909423828125     468.5686950683594
        382.59765625     599.5377807617188
   460.3551025390625     641.4852294921875
  124.69377136230469    275.42645263671875
  305.01861572265625    254.22549438476562
   186.4081268310547     287.5630798339844
  383.39642333984375      599.334228515625
  229.28228759765625     238.2559356689453
   494.3385009765625        661.9326171875
   386.4395446777344      540.405029296875
   555.5610961914062     694.8097534179688
                 126                   131
                 609                   412
                 857                   508
                 200                   216
                1017                   302
                 177                   579
                  97                   480
                 268                   494
                 251                    63
                 966                   647
