  1044.1466064453125       1164.6044921875
     315.91064453125      800.437744140625
    1139.19677734375     1176.437744140625
   595.3110961914062       1110.9521484375
   302.1912841796875     810.2872314453125
   584.9080200195312      981.177490234375
  468.08111572265625     603.2154541015625
         906.8515625    327.10809326171875
   780.2243041992188    313.99407958984375
  499.50115966796875    465.67999267578125
   544.8299560546875      928.388916015625
  214.06741333007812    1084.7484130859375
   755.5864868164062     292.0709533691406
   755.7037963867188    291.37628173828125
   638.4829711914062     522.9430541992188
   629.1314697265625    511.32806396484375
   573.4923095703125    479.27325439453125
  1142.5340576171875      1150.64697265625
   629.6276245117188     511.6418762207031
   675.6475830078125     445.1990661621094
   748.5427856445312     174.4825439453125
   637.5863647460938      527.978759765625
   990.3114624023438       266.37548828125
   597.8846435546875     953.5665893554688
      1188.193359375    1165.2982177734375
  1132.8841552734375     879.6475219726562
   585.0132446289062    1026.1990966796875
  1202.3873291015625     900.4360961914062
  1175.7386474609375    1164.0968017578125
   939.2776489257812      919.158935546875
                 170                   239
                 441                    41
                 388                   557
                 172                  1089
                 601                  1118
                1052                   800
                1254                  1030
                1266                   485
                 893                   133
                1193                   244
