  229.28228759765625     238.2559356689453
   460.3551025390625     641.4852294921875
    64.0185317993164     394.9650573730469
   346.3217468261719     554.3724975585938
  186.79429626464844      271.032470703125
    372.638427734375     508.1151123046875
   555.5610961914062     694.8097534179688
  376.63873291015625    492.13739013671875
  18.931413650512695     191.9485321044922
   29.82256507873535     349.6746520996094
   453.4038391113281     616.2962646484375
   692.2731323242188     559.1470336914062
   386.7593688964844      541.085205078125
   386.4395446777344      540.405029296875
  453.69012451171875     616.5686645507812
   415.9819030761719    188.42872619628906
   472.9433898925781      680.330322265625
  383.39642333984375      599.334228515625
   964.8117065429688    156.97247314453125
   494.3385009765625        661.9326171875
   699.7474365234375       446.72021484375
   27.72991180419922    107.26249694824219
  235.08424377441406     271.4222106933594
   937.4779052734375     633.3668212890625
   478.6915588378906    233.00677490234375
      258.2119140625     79.16002655029297
   960.9874267578125    236.78692626953125
   938.6519775390625     634.9577026367188
   510.2961730957031     137.0358123779297
   321.4178161621094     546.0470581054688
   81.07157897949219    393.74371337890625
   463.1678161621094     600.4470825195312
  56.415008544921875    134.59518432617188
  305.01861572265625    254.22549438476562
   530.5008544921875     644.5823364257812
   686.0091552734375     721.6192016601562
     709.64013671875     83.05411529541016
   235.8754119873047     270.8708801269531
  124.69377136230469    275.42645263671875
       531.951171875     692.6001586914062
  321.56231689453125     416.7063293457031
   186.4081268310547     287.5630798339844
   381.4986877441406      467.370361328125
   496.8938293457031     418.9664306640625
        382.59765625     599.5377807617188
   43.03720474243164     240.0175323486328
  495.80950927734375     664.6017456054688
   700.2039184570312     306.5943908691406
    968.262939453125        656.8251953125
   277.5291442871094     83.23008728027344
    529.645263671875    137.98289489746094
       693.767578125     561.4229125976562
  447.65997314453125     603.7490844726562
   31.58743667602539     347.5066223144531
    705.946533203125     88.23805236816406
   51.96237564086914    144.02084350585938
   473.2864685058594     617.6947631835938
   522.5069580078125    148.51998901367188
   484.9778137207031     510.6012878417969
   494.8575744628906     662.2905883789062
  320.93133544921875     416.5471496582031
  491.83782958984375      494.318115234375
   987.3613891601562     695.2926635742188
   485.8287658691406     241.9508819580078
   684.4414672851562           631.4609375
   50.98384094238281    127.36160278320312
   970.9613037109375     656.8924560546875
  458.49127197265625     653.9044799804688
        972.19140625          656.82421875
  240.66685485839844     267.1069030761719
   707.5611572265625     86.87532043457031
   985.5864868164062     695.6580200195312
   47.65419387817383      269.087158203125
   990.8138427734375     546.4838256835938
   702.7556762695312    273.36102294921875
  380.75909423828125     468.5686950683594
  41.008182525634766    232.17205810546875
   845.2225952148438     524.3821411132812
   944.3382568359375       684.21142578125
  51.519004821777344     413.7209777832031
   1000.482666015625     674.7606811523438
  495.63909912109375     435.9058837890625
  27.613773345947266      396.710205078125
     997.44970703125       669.59619140625
   694.7633666992188       562.45068359375
    48.9619026184082    134.89715576171875
   681.9765014648438     719.8749389648438
   697.5958251953125     441.4866943359375
   981.4906616210938     695.9346313476562
   845.2269287109375     524.0875854492188
  31.664644241333008     259.9199523925781
   696.7905883789062     567.0996704101562
       982.251953125     695.7200317382812
   531.6700439453125     693.4141235351562
   73.10997772216797    366.45965576171875
   966.9177856445312     291.6564636230469
  18.971405029296875     306.4776306152344
  496.88287353515625    261.98431396484375
   530.1378173828125     628.7798461914062
   697.6007080078125     495.4176330566406
