  165.73170471191406    157.47390747070312
   182.1729736328125    157.33294677734375
  134.02291870117188    233.89022827148438
    458.658935546875         150.126953125
  461.52850341796875     150.7172393798828
   427.9998779296875     148.1904754638672
  434.40997314453125    148.09774780273438
    565.960205078125    205.86192321777344
    432.459716796875    148.52162170410156
  179.44602966308594     268.6205749511719
   527.3479614257812    205.82264709472656
  147.83116149902344    230.42807006835938
  199.15512084960938     268.4593811035156
   50.04677200317383    181.48463439941406
   397.1820373535156    142.28599548339844
  161.04110717773438    170.40000915527344
  467.69476318359375    151.01651000976562
    387.327392578125     139.2830352783203
  161.25946044921875    169.65223693847656
   219.4754638671875       211.74951171875
   642.5347900390625     280.8438720703125
  185.25521850585938    170.23931884765625
  214.13763427734375     233.1064910888672
   186.5790252685547    170.07728576660156
   185.6112823486328    169.97482299804688
   365.2187805175781    179.05670166015625
   492.4806823730469     236.3155059814453
   641.9776611328125     278.7483215332031
    158.035400390625    149.87417602539062
   361.5359191894531    192.58570861816406
    410.489990234375    219.07012939453125
  26.152868270874023    102.75599670410156
   559.0396118164062    138.41319274902344
   202.5574951171875    238.45220947265625
   652.2308959960938    213.86224365234375
   678.8173217773438    139.23712158203125
    136.294189453125    222.56964111328125
    413.390869140625    144.72882080078125
      529.1650390625    231.12049865722656
   220.8760528564453    54.709861755371094
   476.0489196777344    256.21270751953125
   14.27610969543457    43.046966552734375
    491.510498046875    208.56797790527344
    173.751220703125    238.24476623535156
  413.60150146484375     421.5222473144531
   443.2955627441406     501.9073486328125
   566.3045043945312     445.1558837890625
      620.4501953125     275.0097961425781
  482.17938232421875    224.14215087890625
  173.82078552246094     239.3505096435547
  185.98667907714844    229.80056762695312
   690.3445434570312     72.06211853027344
   90.05513000488281     255.4053192138672
   235.3206787109375    145.03033447265625
   580.9739990234375         53.6787109375
   90.80671691894531    254.85861206054688
       509.638671875     41.59440994262695
   482.4873352050781    224.38009643554688
   169.5399932861328     160.7349090576172
  252.71800231933594     450.8890380859375
  173.97950744628906     150.4858856201172
  255.80606079101562     450.3512878417969
   567.2203979492188     67.65673065185547
      652.2529296875    213.37171936035156
   691.5416870117188    121.09446716308594
   86.72225189208984     140.4180450439453
  427.68023681640625     494.7269287109375
  454.72796630859375    232.93907165527344
  467.48651123046875    138.01316833496094
   471.1658630371094    223.97366333007812
  189.69650268554688     263.0151672363281
   558.7438354492188    245.37191772460938
  173.40505981445312    241.96009826660156
   626.2700805664062     240.3744659423828
   648.4182739257812    147.44735717773438
       37.5966796875    144.27134704589844
  147.42001342773438    227.22518920898438
   180.3662872314453    140.71014404296875
      281.0087890625     258.6471862792969
   475.1741027832031    251.54757690429688
   451.6400451660156    225.90133666992188
  313.67510986328125    172.57516479492188
   176.3856658935547    160.04067993164062
    543.885009765625    208.77845764160156
    565.120361328125    216.77589416503906
  443.58062744140625    502.19659423828125
   259.2792663574219    152.04721069335938
  210.45022583007812     307.6425476074219
  265.46258544921875     169.6029815673828
   580.6155395507812    53.998016357421875
   479.8271179199219     120.9244613647461
   37.52849197387695    147.10504150390625
  409.76556396484375     520.9981079101562
   555.2711791992188    214.23411560058594
  113.99706268310547    191.82826232910156
   190.0028533935547     134.7876434326172
   132.6723175048828    144.63223266601562
   182.3499298095703    238.46627807617188
   380.3071594238281     143.4351348876953
  132.91281127929688    144.98263549804688
