   45.37133026123047    218.84408569335938
   90.03498077392578    171.98580932617188
   89.29804229736328    174.19163513183594
  113.10680389404297    122.39828491210938
   290.6007080078125    172.86251831054688
   253.6424560546875     293.5077819824219
  123.01879119873047    266.18743896484375
  225.30091857910156    112.82353973388672
  239.83990478515625    148.89768981933594
  263.17364501953125    175.64410400390625
   240.7095489501953      151.922119140625
  114.62019348144531      245.015869140625
  108.22967529296875    187.22689819335938
    75.5731201171875    209.73977661132812
   240.1505584716797      152.143310546875
   88.35411071777344    236.82308959960938
  115.93095397949219     310.3681945800781
   272.9665832519531     68.59598541259766
  189.38731384277344    150.99423217773438
   346.2569274902344     172.4560089111328
   75.68749237060547    214.35447692871094
   117.1915054321289      309.790771484375
   379.9261474609375    147.84512329101562
   42.67451095581055     247.6587371826172
    291.281982421875    149.07777404785156
  115.97491455078125    243.21080017089844
  109.97437286376953    175.18775939941406
   385.9764099121094    214.16390991210938
   75.31420135498047    218.00808715820312
   263.0706481933594    175.57818603515625
   352.2225646972656     174.8439178466797
  248.06202697753906     181.3117218017578
   281.4405822753906    174.77236938476562
   366.1705017089844    134.70693969726562
       280.994140625     173.9972381591797
  122.66600799560547    198.07508850097656
   351.4029846191406     275.9019470214844
  120.58472442626953    185.82278442382812
   377.4021301269531    148.37062072753906
   367.1955261230469     171.2843017578125
  172.23631286621094     160.3726043701172
   218.3626708984375    197.96189880371094
  364.33905029296875    187.97462463378906
  381.79119873046875     233.2733917236328
   373.7169494628906    167.71803283691406
   120.7941665649414    186.18331909179688
   259.4766540527344    177.72604370117188
  305.39019775390625    180.49749755859375
  127.91459655761719     227.6445770263672
  255.74826049804688    130.69033813476562
  173.81581115722656    160.89974975585938
  57.697322845458984    190.02374267578125
   400.8441467285156    223.91873168945312
   265.0076599121094    137.55271911621094
  282.85992431640625     295.9634704589844
   338.8937683105469     230.1988525390625
   341.1551513671875      232.007568359375
   255.9177703857422    129.40501403808594
  375.01824951171875    234.77333068847656
     390.33056640625    222.07386779785156
    394.573486328125    149.74278259277344
   255.5768280029297    134.81776428222656
  213.85748291015625    209.25424194335938
   380.2635803222656    148.42471313476562
   336.2780456542969     213.0713653564453
  206.53004455566406    145.03237915039062
  333.53350830078125    175.19725036621094
  138.06710815429688    226.96884155273438
  408.22540283203125    207.34080505371094
     334.16552734375    215.98410034179688
   336.5901794433594     211.2371063232422
  276.58587646484375     298.5209655761719
   120.7315902709961       289.73388671875
   305.6360168457031     183.5789794921875
   253.0604705810547    172.82167053222656
   358.1326599121094      306.420654296875
  309.54339599609375     99.41008758544922
   407.4456481933594    207.12962341308594
  141.93145751953125    228.15924072265625
  409.62298583984375    196.30271911621094
   364.6100158691406     285.6536865234375
   317.1978759765625    150.90679931640625
   251.2655029296875    174.86859130859375
   352.5387268066406            183.953125
   225.6689910888672     147.0043182373047
  119.23863220214844    289.17425537109375
   301.4792785644531     168.2353057861328
   314.9803161621094     168.7398681640625
   392.0418395996094    118.23820495605469
  250.64065551757812    128.53126525878906
   392.0162048339844    219.24745178222656
  316.83770751953125     141.9171600341797
    376.695556640625    126.21638488769531
     408.74365234375     37.95673370361328
   330.7138977050781    173.36997985839844
   299.4065856933594    323.67608642578125
   340.2819519042969      168.106201171875
   344.1336975097656     220.7634735107422
    394.590087890625    148.64886474609375
  252.89376831054688     184.9786376953125
