   65.35286712646484     215.6067352294922
   94.68656158447266    165.06594848632812
   61.07416915893555    220.49749755859375
   77.55574798583984    122.41512298583984
   256.5061950683594    173.24563598632812
  236.73976135253906    293.21966552734375
   127.9181137084961    263.72845458984375
   95.48177337646484    180.74929809570312
   185.6033172607422    148.80484008789062
   62.80268096923828    184.88592529296875
  232.08538818359375     150.0618133544922
  116.80416107177734    245.67295837402344
   387.4996337890625     132.7135009765625
   78.90155792236328    175.13815307617188
   232.5387725830078     151.0086669921875
   93.73298645019531    233.65516662597656
  122.67188262939453    311.21649169921875
   387.0581359863281    187.27117919921875
   221.6737060546875    150.86331176757812
   416.6152038574219    186.38206481933594
   80.18744659423828    209.41786193847656
   124.6146011352539     310.2237548828125
    345.244384765625    147.99166870117188
   384.0672607421875    222.35379028320312
  268.88800048828125    153.12611389160156
  117.43037414550781    243.55763244628906
  112.52586364746094       209.33642578125
     351.43017578125     214.3888702392578
   80.21338653564453    209.60433959960938
  247.67979431152344    175.95033264160156
   319.8845520019531    173.71047973632812
  235.09510803222656    178.23794555664062
     410.81884765625    135.93846130371094
  331.51995849609375    134.93814086914062
   369.1879577636719    224.90101623535156
  124.47572326660156     189.7846221923828
   365.1526184082031    277.05389404296875
  402.55865478515625    189.10069274902344
  362.13800048828125    173.62835693359375
   301.5762939453125     180.5731201171875
       163.748046875     158.4467315673828
  204.54147338867188     198.4993896484375
   320.2230224609375      173.838623046875
     281.94580078125     195.7047576904297
   402.5588684082031    118.27149963378906
    403.233642578125    190.59886169433594
   376.4867858886719        264.4560546875
  372.05364990234375           326.4453125
   393.3419189453125     100.6917495727539
   269.6970520019531    155.68093872070312
  132.48558044433594     177.8011016845703
   70.64029693603516    179.13133239746094
   368.8228454589844    224.86550903320312
  110.29937744140625     192.7897491455078
  127.81548309326172    160.90518188476562
      344.9619140625    229.60464477539062
   411.3729248046875     53.75295639038086
   49.37205123901367    183.48709106445312
   410.0860900878906    235.09226989746094
   355.8240661621094    222.27651977539062
     359.63427734375    149.90115356445312
  184.97274780273438     149.6211700439453
   203.1324462890625        208.3662109375
  345.23126220703125    148.64146423339844
   257.1626892089844    127.40762329101562
   200.7932891845703     142.8308563232422
       342.865234375    178.28257751464844
  136.21975708007812    221.88119506835938
   373.2529602050781    207.43064880371094
   132.8007049560547     302.6959228515625
   380.6236877441406     297.0519714355469
   258.8660888671875     298.2760314941406
  127.73322296142578     290.0896301269531
   393.7995910644531    100.66205596923828
    347.616943359375    132.86544799804688
   371.8133239746094     309.2792663574219
  275.27215576171875     99.59855651855469
   49.20268249511719     183.3083038330078
   83.89464569091797       224.98291015625
   374.5904541015625    196.53640747070312
   377.6664733886719     285.5096740722656
  282.88934326171875    151.28204345703125
  239.89707946777344    172.92593383789062
  117.55693054199219     185.2947235107422
  265.29925537109375     98.43348693847656
  126.80448150634766      290.009033203125
     267.20458984375    168.63137817382812
  375.01287841796875       283.52490234375
  281.51788330078125     195.2644500732422
  136.55943298339844    223.02801513671875
   415.9817810058594    143.49032592773438
   282.5869445800781    142.12632751464844
   342.0154113769531    126.31309509277344
  373.74346923828125     38.34038162231445
  338.43988037109375     178.8456573486328
   335.2528381347656          186.16015625
   350.0830383300781    168.01727294921875
   380.0277404785156     201.4940948486328
  359.93255615234375      148.868896484375
  345.08709716796875    176.37860107421875
