      539.9169921875     740.1837158203125
    519.839599609375     742.1227416992188
   519.7572631835938      742.120849609375
    522.947509765625     686.0542602539062
   490.7026672363281      481.941162109375
    516.816650390625     230.0276641845703
   485.1394348144531     675.3715209960938
    533.448486328125    212.62672424316406
  297.83978271484375     747.1529541015625
  499.63616943359375    466.89300537109375
   482.1624450683594     411.8168640136719
   483.4111022949219    339.66998291015625
   545.2620849609375     658.4136352539062
   511.4342346191406     674.6494750976562
   477.0454406738281     736.1072387695312
   491.4007873535156    400.59869384765625
   272.1727294921875     153.7311248779297
   275.2125244140625     212.7145233154297
   543.1669311523438     557.2957153320312
    346.928466796875    228.78164672851562
    520.481689453125     276.3475341796875
   533.1741333007812      674.036376953125
   300.9586486816406     746.9125366210938
   278.2112121582031     277.6966857910156
   490.6514587402344     400.2280578613281
   352.0130615234375     291.6863098144531
    529.969970703125     334.0876159667969
  21.561796188354492     573.6808471679688
  422.94647216796875    271.35052490234375
  433.75360107421875     176.0359649658203
   505.2344665527344     517.9801025390625
   464.9968566894531     737.6824340820312
   341.6222229003906     169.5773468017578
   487.7132568359375     397.8597106933594
  491.97869873046875    490.29351806640625
   532.8174438476562     675.9467163085938
        535.37890625       672.39306640625
   375.1361999511719     516.2756958007812
   288.8427429199219     503.6927795410156
   453.4838562011719     202.1155242919922
   511.6643981933594     563.6047973632812
   542.1780395507812     648.5922241210938
   485.7893371582031    157.70008850097656
    423.598388671875     270.8832702636719
    507.979736328125     228.4611358642578
  454.24774169921875     201.1423797607422
  432.97674560546875    176.38027954101562
   531.0241088867188     676.7566528320312
  284.39337158203125    283.86187744140625
       536.228515625      520.804443359375
   287.4540100097656     354.1853942871094
  470.78179931640625     325.5127868652344
  278.45880126953125    159.09097290039062
  339.00067138671875     682.6798706054688
  363.38739013671875     431.9772644042969
   494.1966857910156     464.1088562011719
  150.04922485351562     701.9668579101562
    445.468994140625       521.77587890625
   291.0249938964844        429.9794921875
  281.21575927734375     347.0951232910156
   369.5340576171875     509.2105407714844
   427.4534912109375     318.4685974121094
   320.3234558105469     532.0219116210938
  484.50775146484375     346.2756652832031
   284.9955139160156     422.9449462890625
  12.942615509033203     495.9713134765625
   373.6322937011719    115.27457427978516
   352.8395690917969       704.13525390625
   427.3372802734375     689.1952514648438
   294.8538513183594     510.8104248046875
   466.2215270996094      538.789794921875
   352.4328918457031     700.6193237304688
   357.5143737792969    358.83160400390625
   400.8083190917969     536.9309692382812
      513.7314453125     280.0184631347656
    281.335205078125     218.6573028564453
   408.6501770019531     708.2413940429688
  430.31878662109375       691.13330078125
   358.0284729003906    297.82159423828125
   369.3324890136719     438.6112060546875
   338.8675842285156     683.5828857421875
   291.2254638671875     357.1983337402344
   442.5087585449219      677.109619140625
   462.6135559082031     706.4661254882812
   280.7644958496094     241.1377716064453
   327.5340881347656     364.0171813964844
   253.5616455078125     686.5220947265625
   361.3560791015625    322.74566650390625
   539.9628295898438     504.3567199707031
   551.8579711914062     735.5380249023438
   286.2085266113281    315.87017822265625
     520.67626953125     663.9159545898438
   520.5062255859375     663.8764038085938
  489.23480224609375     737.0494995117188
  451.77484130859375       281.53955078125
  291.58184814453125     358.6364440917969
  389.62139892578125    159.74710083007812
   414.0295715332031     707.5887451171875
   425.2506103515625    173.87673950195312
    333.136962890625    394.88543701171875
