        451.85546875     339.5188293457031
  147.10227966308594       400.56201171875
   481.9242858886719    507.17572021484375
   328.2356262207031    359.99957275390625
   530.4462280273438     598.6459350585938
   280.3945617675781      132.733642578125
    293.659912109375    489.00372314453125
   415.9653015136719    373.56463623046875
    109.078369140625     411.8215637207031
   526.6854858398438        560.9833984375
   445.4234313964844     573.6895141601562
   546.9281005859375     352.8664855957031
  186.36827087402344     388.7850036621094
  348.80316162109375     546.2518920898438
   383.5008544921875     407.2891845703125
  446.02288818359375      553.170166015625
  298.24212646484375          138.33203125
   305.0325622558594     201.1726837158203
   98.24943542480469    183.92819213867188
   387.2414855957031    222.62254333496094
      478.4521484375     318.3976745605469
   375.5113830566406     370.6360168457031
   554.1869506835938     515.7897338867188
   312.1557922363281     272.2467346191406
  497.01898193359375    394.46710205078125
    398.244873046875     291.6878356933594
          527.828125     562.2896118164062
   373.3695068359375     570.6324462890625
   393.0401611328125     174.4378662109375
     474.93212890625     749.9976806640625
     436.04541015625     544.5665283203125
   444.8797912597656     605.2942504882812
   377.1351013183594    159.55784606933594
   496.6676025390625     393.3268737792969
   556.4747314453125     440.7342224121094
   281.6539001464844     350.9591979980469
    296.841552734375      542.042236328125
  443.25067138671875     553.0608520507812
    338.394287109375     536.5655517578125
   407.4289855957031     599.0617065429688
   444.8893127441406     605.5254516601562
  351.62884521484375     592.3153686523438
  319.31134033203125     351.3040771484375
  477.68133544921875     275.7552185058594
  112.99627685546875     323.9155578613281
  500.66729736328125    206.18325805664062
   508.3990783691406     471.9298400878906
   554.5001831054688     292.0987548828125
   318.4441833496094      278.370361328125
   504.1261291503906      540.355224609375
   326.5841979980469     358.0740966796875
   534.2866821289062     337.6930847167969
   305.2675476074219     145.1516571044922
   391.2929992675781     495.1600341796875
   422.3139343261719    452.85125732421875
  480.10992431640625     319.2255554199219
   159.1851043701172      364.201904296875
    523.403564453125     558.9539184570312
   335.2313232421875     446.2479553222656
   319.2474060058594     351.7469177246094
   435.8367614746094     544.0462036132812
   484.9613952636719     325.1667175292969
  376.71478271484375      570.889892578125
   547.7819213867188     352.8045959472656
   328.9150085449219     439.0021057128906
  15.872364044189453     336.5368347167969
   407.0011901855469      110.800537109375
   517.2254028320312      480.299072265625
    560.724853515625    389.53973388671875
   345.0228271484375      544.218505859375
   471.2128601074219         575.986328125
         109.9609375     371.1198425292969
   409.5398254394531      367.600341796875
   472.7039489746094      578.674072265625
   421.8278503417969     453.4924621582031
   311.3137512207031     207.4561767578125
   338.4540710449219     536.9217529296875
   449.4390563964844     595.9097290039062
  404.84930419921875     298.0682067871094
   428.5049133300781     458.7311096191406
    394.190185546875    498.20843505859375
   330.3782653808594    362.52081298828125
   531.4483032226562     752.9879760742188
   380.6423645019531     290.6554260253906
   314.1397399902344    233.20997619628906
  372.13433837890625     372.0814208984375
  296.45269775390625       542.48974609375
   412.8881530761719     327.3276672363281
  300.60906982421875     593.7151489257812
   325.8522644042969     401.9761962890625
   442.1819152832031     551.2109985351562
   278.2623596191406    304.41558837890625
   415.6938171386719     327.0033874511719
   286.9222106933594     392.9060974121094
   553.2259521484375     375.0115966796875
   334.6950988769531    366.08123779296875
   431.9844665527344    152.47996520996094
   556.5105590820312      285.663818359375
   489.8836669921875    346.23602294921875
   467.6293029785156     419.7862548828125
