   675.6475830078125     445.1990661621094
   1300.955810546875    1069.0377197265625
   1300.652099609375    1069.1749267578125
  195.24354553222656     1068.017333984375
  195.23533630371094    1064.5853271484375
     1270.2431640625     984.2221069335938
  1270.2740478515625     984.0208129882812
   597.8846435546875     953.5665893554688
   629.1314697265625    511.32806396484375
   629.6276245117188     511.6418762207031
   154.6556396484375     927.2394409179688
  189.89691162109375    1014.1513061523438
   146.3166961669922     920.3015747070312
   589.1929931640625    1005.6299438476562
   549.4476928710938     928.3914794921875
  1143.6759033203125    1095.1905517578125
   573.4923095703125    479.27325439453125
   959.6720581054688     863.1075439453125
  1215.0443115234375      1111.57177734375
  1035.5308837890625    499.80889892578125
   823.7902221679688       998.32080078125
   544.8299560546875      928.388916015625
   793.5734252929688     224.4938201904297
    1141.82568359375        1103.263671875
  1044.1466064453125       1164.6044921875
     1040.1005859375     499.5557556152344
  1142.5340576171875      1150.64697265625
  1175.7386474609375    1164.0968017578125
  190.31509399414062        1012.806640625
    799.867431640625     947.5451049804688
   1048.609130859375     446.7921142578125
  179.16964721679688     930.8831176757812
   981.9957275390625     1089.910400390625
     1268.2802734375    1101.0772705078125
  179.11880493164062     840.0447998046875
     315.91064453125      800.437744140625
   595.3110961914062       1110.9521484375
      954.5166015625     892.6289672851562
  1202.3873291015625     900.4360961914062
   584.9080200195312      981.177490234375
   806.8933715820312     933.2517700195312
    1154.33740234375     1106.411376953125
   302.1912841796875     810.2872314453125
   748.5427856445312     174.4825439453125
   990.3114624023438       266.37548828125
   780.2243041992188    313.99407958984375
   336.4251403808594      947.562255859375
   990.2315673828125     1098.871826171875
         990.2734375     1148.625244140625
   962.6070556640625     316.4582824707031
  1055.4957275390625      1198.31884765625
  1155.3988037109375        1105.408203125
   524.4776611328125      982.048095703125
  499.50115966796875    465.67999267578125
   755.7037963867188    291.37628173828125
    1152.86767578125    1089.8077392578125
  214.06741333007812    1084.7484130859375
  1320.6934814453125       1242.4912109375
   964.6892700195312     852.3090209960938
  1003.2666625976562      1130.48876953125
  1132.8841552734375     879.6475219726562
    1226.73095703125     963.9110717773438
   592.3131713867188     1050.893310546875
   527.7504272460938     934.9324951171875
   806.6685791015625       934.17822265625
   789.2553100585938     215.1837921142578
  181.53097534179688    1078.7420654296875
  1309.0201416015625    1267.7308349609375
   1259.255615234375     1029.933837890625
   755.5864868164062     292.0709533691406
     1256.8251953125     1091.941650390625
      1188.193359375    1165.2982177734375
  1216.3856201171875    1102.4212646484375
  1316.3468017578125     1198.834716796875
  1012.8348388671875    442.93499755859375
   556.0319213867188     925.0429077148438
   1320.015380859375     996.1734008789062
    1316.01220703125     989.3143920898438
   1257.495361328125     1094.137939453125
   638.4829711914062     522.9430541992188
  1001.9006958007812      1132.68701171875
  1257.6541748046875     1088.545166015625
  1322.7366943359375     1265.404541015625
   770.2590942382812    168.78933715820312
   199.0886688232422    1006.1287231445312
   489.2110290527344     89.05432891845703
   752.7449340820312    173.60272216796875
    797.420654296875     373.9521179199219
  468.08111572265625     603.2154541015625
   939.2776489257812      919.158935546875
   585.0132446289062    1026.1990966796875
   986.0699462890625      805.461669921875
         906.8515625    327.10809326171875
   508.7325134277344     926.8637084960938
   637.5863647460938      527.978759765625
   965.0702514648438     853.3081665039062
    1048.22314453125     445.4498596191406
    1139.19677734375     1176.437744140625
   198.4413299560547    1008.2799072265625
   1146.748291015625     1195.591552734375
